	Eval:coco				    Eval:Trivially			   Eval:OO				        Eval: Extensible Visitor		Eval:Interpreter
#	Mean	Low	High		    Mean	Low	High		    Mean	Low	High		    Mean	Low	High		        Mean	Low	High
0	0	    0	    0		    0	    0	    0		    0   	0	    0		    0   	0	    0	        	0   	0   	0
1	0	    0	    0		    0	    0	    0		    0	    0	    0		    0   	0	    0	        	0   	0   	0
2	0   	0   	0		    0	    0	    0		    0	    0	    0		    0	    0   	0	        	0   	0	    0
3	0   	0	    0		    0	    0	    0		    0	    0	    0		    0	    0    	0	          	0     	0	    0
4	0   	0	    0		    0	    0	    0		    0   	0	    0		    0	    0	    0	        	0   	0	    0
5	0	    0	    0		    0   	0   	0		    0   	0	    0		    0	    0	    0	        	0	    0	    0
6	0	    0	    0		    0   	0	    0		    0   	0	    0		    0	    0	    0		        0	    0	    0
7	0.01	0.01	0.01		0.01	0.01	0.01		0.01	0.01	0.01		0.01	0.01	0.01		    0.01	0.01	0.01
8	0.01	0.01	0.01		0.01	0.01	0.01		0.01	0.01	0.01		0.01	0.01	0.01		    0.01	0.01	0.01
9	0.03	0.03	0.03		0.03	0.03	0.03		0.03	0.03	0.03		0.03	0.03	0.03		    0.02	0.02	0.03
10	0.05	0.05	0.06		0.05	0.05	0.06		0.05	0.05	0.05		0.06	0.06	0.06		    0.05	0.05	0.05
11	0.11	0.11	0.11		0.11	0.11	0.11		0.11	0.11	0.11		0.13	0.12	0.14		    0.1	    0.1	    0.1
12	0.23	0.23	0.24		0.24	0.23	0.24		0.21	0.21	0.21		0.22	0.22	0.22		    0.21	0.21	0.21
13	0.61	0.57	0.65		0.57	0.53	0.61		0.61	0.57	0.64		0.71	0.65	0.77		    0.4	    0.4	    0.41

	Simplify:Cococ				Simplify:Trivially			Simplify:OO				    Simplify: Extensible Visitor	Simplify:Interpreter
#	Mean	Low	High    		Mean	Low	High		    Mean	Low	High		    Mean	Low	    High		    Mean	Low	    High
0	0	    0	    0		    0	    0	    0	    	0	    0	    0		    0	    0   	0	    	    0      	0	    0
1	0	    0   	0		    0	    0	    0	    	0	    0	    0		    0	    0	    0	    	    0      	0	    0
2	0	    0	    0	        0	    0	   	0	        0	    0		0   	    0	    0	    0       	    0	    0       0
3	0	    0	    0		    0	    0	    0	    	0	    0	    0		    0	    0   	0	     	    0	    0	    0
4	0.01	0.01	0.01	    0.01	0.01	0.01    	0	    0	    0		    0	    0   	0		        0   	0	    0
5	0.02	0.02	0.02	    0.02	0.02	0.02	    0.01	0.01	0.01		0.01	0.01	0.01		    0   	0	    0
6	0.04	0.04	0.04	    0.04	0.04	0.05    	0.01	0.01	0.01		0.02	0.02	0.02		    0.01	0.01	0.01
7	0.1	    0.09	0.1		    0.1 	0.09	0.1		    0.03	0.03	0.03		0.05	0.05	0.05		    0.02	0.02	0.02
8	0.22	0.21	0.23	    0.21	0.2	    0.22    	0.06	0.06	0.07		0.11	0.11	0.11		    0.05	0.05	0.05
9	0.49	0.47	0.5		    0.52	0.5 	0.54	    0.22	0.2	    0.23		0.28	0.25	0.3		        0.14	0.13	0.15
10	1.17	1.13	1.21	    1.2	    1.18	1.23    	0.47	0.44	0.5		    0.97	0.88	1.05		    0.34	0.32	0.36
11	2.49	2.42	2.55	    2.57	2.51	2.63	    1.03	0.96	1.11		2.79	2.67	2.91		    0.84	0.79	0.89
12	5.77	5.66	5.88	    5.91	5.81	6		    2.57	2.44	2.71		4.71	4.31	5.12		    2.03	1.95	2.11
13	11.71	11.38	12.03		12.09	11.79	12.39	    5.54	5.24	5.83		5.64	5.47	5.81		    4.09	3.88	4.29
